net1 1995 2078 net2 0 83 color=20,20,255,0.5
net1 2394 2436 net2 84 126 color=71,71,255,0.5
net1 3192 3241 net2 127 176 color=61,61,255,0.5
net1 2079 2128 net2 399 448 color=61,61,255,0.5
net1 2129 2228 net2 798 897 color=0,0,255,0.5
net1 2437 2499 net2 898 960 color=45,45,255,0.5
net1 2793 2823 net2 961 991 color=86,86,255,0.5
net1 3242 3290 net2 992 1040 color=63,63,255,0.5
net1 2229 2295 net2 1596 1662 color=40,40,255,0.5
net1 2500 2538 net2 1663 1701 color=76,76,255,0.5
net2 1041 1076 net2 2793 2828 color=79,79,255,0.5
net1 2296 2330 net2 3192 3226 color=81,81,255,0.5
net1 798 827 net3 0 29 color=255,86,86,0.5
net1 2824 2904 net3 30 110 color=255,22,22,0.5
net1 3291 3338 net3 111 158 color=255,63,63,0.5
net2 1197 1219 net3 159 181 color=94,94,255,0.5
net2 1702 1728 net3 182 208 color=91,91,255,0.5
net1 828 852 net3 399 423 color=255,91,91,0.5
net1 2905 2951 net3 424 470 color=255,66,66,0.5
net1 3339 3364 net3 471 496 color=255,91,91,0.5
net2 1220 1246 net3 497 523 color=89,89,255,0.5
net1 853 884 net3 798 829 color=255,84,84,0.5
net1 1197 1224 net3 830 857 color=255,86,86,0.5
net1 2331 2358 net3 858 885 color=255,89,89,0.5
net1 2952 3029 net3 886 963 color=255,28,28,0.5
net1 3365 3445 net3 964 1044 color=255,22,22,0.5
net2 1995 2032 net3 1045 1082 color=255,76,76,0.5
net2 2394 2433 net3 1083 1122 color=255,73,73,0.5
net2 2829 2859 net3 1123 1153 color=255,86,86,0.5
net1 2359 2393 net3 1197 1231 color=255,79,79,0.5
net1 3030 3057 net3 1232 1259 color=255,86,86,0.5
net2 1247 1301 net3 1260 1314 color=56,56,255,0.5
net1 3058 3139 net3 1596 1677 color=255,22,22,0.5
net2 1302 1321 net3 1678 1697 color=99,99,255,0.5
net3 209 235 net3 1995 2021 color=89,89,255,0.5
net3 524 558 net3 2022 2056 color=79,79,255,0.5
net3 1315 1344 net3 2057 2086 color=86,86,255,0.5
